50 4755456 1647344
55 5050368 1839344
60 5083136 1839344
65 5373952 2159344
70 5574656 2159344
75 5574656 2159344
80 5574656 2159344
85 5574656 2159344
90 6619136 2543344
95 6979584 2543344
100 6979584 2543344
105 6979584 2543344
110 6979584 2543344
115 8622080 3183344
120 9080832 3183344
125 9080832 3183344
130 9080832 3183344
135 9080832 3183344
140 9080832 3183344
145 9080832 3183344
150 9080832 3183344
155 11018240 3951344
160 11935744 3951344
165 11935744 3951344
170 11935744 3951344
175 11935744 3951344
180 11935744 3951344
185 11935744 3951344
190 11935744 3951344
195 11935744 3951344
200 11935744 3951344
205 13475840 4975344
210 14495744 4975344
215 14495744 4975344
220 14495744 4975344
225 14495744 4975344
230 14495744 4975344
235 14495744 4975344
240 14495744 4975344
245 14495744 4975344
250 14495744 4975344
255 14495744 4975344
260 14495744 4975344
265 17088512 5999344
270 17350656 5999344
275 17350656 5999344
280 17350656 5999344
285 17350656 5999344
290 17350656 5999344
295 17350656 5999344
300 17350656 5999344
305 17350656 5999344
310 17350656 5999344
315 17350656 5999344
320 17350656 5999344
325 17350656 5999344
330 20365312 7535344
335 21147648 7535344
340 21147648 7535344
345 21147648 7535344
350 21147648 7535344
355 21147648 7535344
360 21147648 7535344
365 21147648 7535344
370 21147648 7535344
375 21147648 7535344
380 21147648 7535344
385 21147648 7535344
390 21147648 7535344
395 21147648 7535344
400 21147648 7535344
405 21147648 7535344
410 21147648 7535344
415 21147648 7535344
420 21147648 7535344
425 24776704 10095344
430 25784320 10095344
435 25784320 10095344
440 25784320 10095344
445 25784320 10095344
450 25784320 10095344
455 25784320 10095344
460 25784320 10095344
465 25784320 10095344
470 25784320 10095344
475 25784320 10095344
480 25784320 10095344
485 25784320 10095344
490 25784320 10095344
495 25784320 10095344
500 25784320 10095344
505 25784320 10095344
510 25784320 10095344
