50 2961408 1719416
55 3674112 1791416
60 3903488 1871416
65 3940352 1943416
70 4030464 2015416
75 4124672 2095416
80 4161536 2167416
85 4251648 2247416
90 4345856 2319416
95 4382720 2391416
100 4468736 2471416
105 4583424 2543416
110 4624384 2615416
115 4714496 2695416
120 4812800 2767416
125 4861952 2847416
130 4943872 2919416
135 5038080 2999416
140 5087232 3079416
145 5181440 3159416
150 5279744 3239416
155 5382144 3319416
160 5427200 3399416
165 5521408 3479416
170 5619712 3559416
175 5722112 3639416
180 5758976 3719416
185 5857280 3799416
190 5951488 3879416
195 6037504 3959416
200 6090752 4039416
205 6189056 4119416
210 6283264 4199416
215 6377472 4279416
220 6422528 4359416
225 6512640 4439416
230 6615040 4519416
235 6709248 4599416
240 6750208 4679416
245 6844416 4759416
250 6934528 4839416
255 7045120 4919416
260 7127040 4999416
265 7200768 5079416
270 7278592 5159416
275 7364608 5239416
280 7471104 5319416
285 7548928 5399416
290 7602176 5479416
295 7708672 5559416
300 7790592 5639416
305 7880704 5719416
310 7979008 5799416
315 8073216 5879416
320 8155136 5959416
325 8204288 6039416
330 8306688 6119416
335 8368128 6199416
340 8454144 6279416
345 8564736 6359416
350 8691712 6439416
355 8740864 6519416
360 8810496 6599416
365 8888320 6679416
370 8933376 6759416
375 9068544 6839416
380 9150464 6919416
385 9244672 6999416
390 9302016 7079416
395 9379840 7159416
400 9527296 7239416
405 9592832 7319416
410 9699328 7399416
415 9764864 7479416
420 9846784 7559416
425 9916416 7639416
430 10014720 7719416
435 10121216 7799416
440 10211328 7879416
445 10297344 7959416
450 10366976 8039416
455 10481664 8119416
460 10547200 8199416
465 10633216 8279416
470 10715136 8359416
475 10813440 8439416
480 10895360 8519416
485 11018240 8599416
490 11096064 8679416
495 11165696 8759416
500 11276288 8839416
505 11329536 8919416
510 11403264 8999416
